#This file contains viewpoints for a VMD script, view_change.tcl.
#Type 'source vps.tcl' from the VMD command window to load these viewpoints.

set viewpoints(1,0,0) { {{0.437479 0.897415 -0.0571048 0} {0.61411 -0.344552 -0.710038 0} {-0.656874 0.275558 -0.701846 0} {0 0 0 1}} }
 
set viewpoints(1,0,1) { {{1 0 0 -12.466} {0 1 0 -21.6788} {0 0 1 -34.1194} {0 0 0 1}} }
 
set viewpoints(1,1,0) { {{0.437479 0.897415 -0.0571048 0} {0.61411 -0.344552 -0.710038 0} {-0.656874 0.275558 -0.701846 0} {0 0 0 1}} }
 
set viewpoints(1,0,2) { {{0.0446345 0 0 0} {0 0.0446345 0 0} {0 0 0.0446345 0} {0 0 0 1}} }
 
set viewpoints(1,1,1) { {{1 0 0 -12.466} {0 1 0 -21.6788} {0 0 1 -34.1194} {0 0 0 1}} }
 
set viewpoints(1,2,0) { {{1 0 0 0} {0 1 0 0} {0 0 1 0} {0 0 0 1}} }
 
set viewpoints(1,3,0) { {{1 0 0 0} {0 1 0 0} {0 0 1 0} {0 0 0 1}} }
 
set viewpoints(1,0,3) { {{1 0 0 0.24} {0 1 0 -0.13} {0 0 1 0} {0 0 0 1}} }
 
set viewpoints(1,1,2) { {{0.0446345 0 0 0} {0 0.0446345 0 0} {0 0 0.0446345 0} {0 0 0 1}} }
 
set viewpoints(1,2,1) { {{1 0 0 0} {0 1 0 0} {0 0 1 0} {0 0 0 1}} }
 
set viewpoints(1,3,1) { {{1 0 0 0} {0 1 0 0} {0 0 1 0} {0 0 0 1}} }
 
set viewpoints(1,1,3) { {{1 0 0 0.24} {0 1 0 -0.13} {0 0 1 0} {0 0 0 1}} }
 
set viewpoints(1,2,2) { {{0.004 0 0 0} {0 0.004 0 0} {0 0 0.004 0} {0 0 0 1}} }
 
set viewpoints(1,3,2) { {{0.004 0 0 0} {0 0.004 0 0} {0 0 0.004 0} {0 0 0 1}} }
 
set viewpoints(1,2,3) { {{1 0 0 0} {0 1 0 0} {0 0 1 0} {0 0 0 1}} }
 
set viewpoints(1,3,3) { {{1 0 0 0} {0 1 0 0} {0 0 1 0} {0 0 0 1}} }
 
set viewpoints(1,0,0) { {{0.437479 0.897415 -0.0571048 0} {0.61411 -0.344552 -0.710038 0} {-0.656874 0.275558 -0.701846 0} {0 0 0 1}} }
 
set viewpoints(1,0,1) { {{1 0 0 -12.466} {0 1 0 -21.6788} {0 0 1 -34.1194} {0 0 0 1}} }
 
set viewpoints(1,1,0) { {{0.437479 0.897415 -0.0571048 0} {0.61411 -0.344552 -0.710038 0} {-0.656874 0.275558 -0.701846 0} {0 0 0 1}} }
 
set viewpoints(1,0,2) { {{0.0446345 0 0 0} {0 0.0446345 0 0} {0 0 0.0446345 0} {0 0 0 1}} }
 
set viewpoints(1,1,1) { {{1 0 0 -12.466} {0 1 0 -21.6788} {0 0 1 -34.1194} {0 0 0 1}} }
 
set viewpoints(1,2,0) { {{1 0 0 0} {0 1 0 0} {0 0 1 0} {0 0 0 1}} }
 
set viewpoints(1,3,0) { {{1 0 0 0} {0 1 0 0} {0 0 1 0} {0 0 0 1}} }
 
set viewpoints(1,0,3) { {{1 0 0 0.24} {0 1 0 -0.13} {0 0 1 0} {0 0 0 1}} }
 
set viewpoints(1,1,2) { {{0.0446345 0 0 0} {0 0.0446345 0 0} {0 0 0.0446345 0} {0 0 0 1}} }
 
set viewpoints(1,2,1) { {{1 0 0 0} {0 1 0 0} {0 0 1 0} {0 0 0 1}} }
 
set viewpoints(1,3,1) { {{1 0 0 0} {0 1 0 0} {0 0 1 0} {0 0 0 1}} }
 
set viewpoints(1,1,3) { {{1 0 0 0.24} {0 1 0 -0.13} {0 0 1 0} {0 0 0 1}} }
 
set viewpoints(1,2,2) { {{0.004 0 0 0} {0 0.004 0 0} {0 0 0.004 0} {0 0 0 1}} }
 
set viewpoints(1,3,2) { {{0.004 0 0 0} {0 0.004 0 0} {0 0 0.004 0} {0 0 0 1}} }
 
set viewpoints(1,2,3) { {{1 0 0 0} {0 1 0 0} {0 0 1 0} {0 0 0 1}} }
 
set viewpoints(1,3,3) { {{1 0 0 0} {0 1 0 0} {0 0 1 0} {0 0 0 1}} }
 
set viewpoints(1,0,0) { {{0.437479 0.897415 -0.0571048 0} {0.61411 -0.344552 -0.710038 0} {-0.656874 0.275558 -0.701846 0} {0 0 0 1}} }
 
set viewpoints(1,0,1) { {{1 0 0 -12.466} {0 1 0 -21.6788} {0 0 1 -34.1194} {0 0 0 1}} }
 
set viewpoints(1,1,0) { {{0.437479 0.897415 -0.0571048 0} {0.61411 -0.344552 -0.710038 0} {-0.656874 0.275558 -0.701846 0} {0 0 0 1}} }
 
set viewpoints(1,0,2) { {{0.0446345 0 0 0} {0 0.0446345 0 0} {0 0 0.0446345 0} {0 0 0 1}} }
 
set viewpoints(1,1,1) { {{1 0 0 -12.466} {0 1 0 -21.6788} {0 0 1 -34.1194} {0 0 0 1}} }
 
set viewpoints(1,2,0) { {{1 0 0 0} {0 1 0 0} {0 0 1 0} {0 0 0 1}} }
 
set viewpoints(1,3,0) { {{1 0 0 0} {0 1 0 0} {0 0 1 0} {0 0 0 1}} }
 
set viewpoints(1,0,3) { {{1 0 0 0.24} {0 1 0 -0.13} {0 0 1 0} {0 0 0 1}} }
 
set viewpoints(1,1,2) { {{0.0446345 0 0 0} {0 0.0446345 0 0} {0 0 0.0446345 0} {0 0 0 1}} }
 
set viewpoints(1,2,1) { {{1 0 0 0} {0 1 0 0} {0 0 1 0} {0 0 0 1}} }
 
set viewpoints(1,3,1) { {{1 0 0 0} {0 1 0 0} {0 0 1 0} {0 0 0 1}} }
 
set viewpoints(1,1,3) { {{1 0 0 0.24} {0 1 0 -0.13} {0 0 1 0} {0 0 0 1}} }
 
set viewpoints(1,2,2) { {{0.004 0 0 0} {0 0.004 0 0} {0 0 0.004 0} {0 0 0 1}} }
 
set viewpoints(1,3,2) { {{0.004 0 0 0} {0 0.004 0 0} {0 0 0.004 0} {0 0 0 1}} }
 
set viewpoints(1,2,3) { {{1 0 0 0} {0 1 0 0} {0 0 1 0} {0 0 0 1}} }
 
set viewpoints(1,3,3) { {{1 0 0 0} {0 1 0 0} {0 0 1 0} {0 0 0 1}} }
 
set viewpoints(1,0,0) { {{0.437479 0.897415 -0.0571048 0} {0.61411 -0.344552 -0.710038 0} {-0.656874 0.275558 -0.701846 0} {0 0 0 1}} }
 
set viewpoints(1,0,1) { {{1 0 0 -12.466} {0 1 0 -21.6788} {0 0 1 -34.1194} {0 0 0 1}} }
 
set viewpoints(1,1,0) { {{0.437479 0.897415 -0.0571048 0} {0.61411 -0.344552 -0.710038 0} {-0.656874 0.275558 -0.701846 0} {0 0 0 1}} }
 
set viewpoints(1,0,2) { {{0.0446345 0 0 0} {0 0.0446345 0 0} {0 0 0.0446345 0} {0 0 0 1}} }
 
set viewpoints(1,1,1) { {{1 0 0 -12.466} {0 1 0 -21.6788} {0 0 1 -34.1194} {0 0 0 1}} }
 
set viewpoints(1,2,0) { {{1 0 0 0} {0 1 0 0} {0 0 1 0} {0 0 0 1}} }
 
set viewpoints(1,3,0) { {{1 0 0 0} {0 1 0 0} {0 0 1 0} {0 0 0 1}} }
 
set viewpoints(1,0,3) { {{1 0 0 0.24} {0 1 0 -0.13} {0 0 1 0} {0 0 0 1}} }
 
set viewpoints(1,1,2) { {{0.0446345 0 0 0} {0 0.0446345 0 0} {0 0 0.0446345 0} {0 0 0 1}} }
 
set viewpoints(1,2,1) { {{1 0 0 0} {0 1 0 0} {0 0 1 0} {0 0 0 1}} }
 
set viewpoints(1,3,1) { {{1 0 0 0} {0 1 0 0} {0 0 1 0} {0 0 0 1}} }
 
set viewpoints(1,1,3) { {{1 0 0 0.24} {0 1 0 -0.13} {0 0 1 0} {0 0 0 1}} }
 
set viewpoints(1,2,2) { {{0.004 0 0 0} {0 0.004 0 0} {0 0 0.004 0} {0 0 0 1}} }
 
set viewpoints(1,3,2) { {{0.004 0 0 0} {0 0.004 0 0} {0 0 0.004 0} {0 0 0 1}} }
 
set viewpoints(1,2,3) { {{1 0 0 0} {0 1 0 0} {0 0 1 0} {0 0 0 1}} }
 
set viewpoints(1,3,3) { {{1 0 0 0} {0 1 0 0} {0 0 1 0} {0 0 0 1}} }
 
puts "\nLoaded viewpoints file vps.tcl \n"

